1958.203	315.70
1958.288	317.45
1958.370	317.51
1958.455	-99.99
1958.537	315.86
1958.622	314.93
1958.707	313.20
1958.789	-99.99
1958.874	313.33
1958.956	314.67
1959.041	315.63
1959.126	316.38
1959.203	316.71
1959.288	317.72
1959.370	318.29
1959.455	318.15
1959.537	316.54
1959.622	314.80
1959.707	313.84
1959.789	313.26
1959.874	314.80
1959.956	315.58
1960.041	316.43
1960.126	316.97
1960.205	317.58
1960.290	319.02
1960.372	320.03
1960.456	319.59
1960.538	318.18
1960.623	315.91
1960.708	314.16
1960.790	313.83
1960.874	315.00
1960.956	316.19
1961.041	316.93
1961.126	317.70
1961.203	318.54
1961.288	319.48
1961.370	320.58
1961.455	319.77
1961.537	318.57
1961.622	316.79
1961.707	314.81
1961.789	315.38
1961.874	316.10
1961.956	317.01
1962.041	317.94
1962.126	318.55
1962.203	319.68
1962.288	320.63
1962.370	321.01
1962.455	320.55
1962.537	319.57
1962.622	317.40
1962.707	316.25
1962.789	315.42
1962.874	316.69
1962.956	317.70
1963.041	318.74
1963.126	319.07
1963.203	319.86
1963.288	321.39
1963.370	322.25
1963.455	321.48
1963.537	319.74
1963.622	317.77
1963.707	316.21
1963.789	315.99
1963.874	317.12
1963.956	318.31
1964.041	319.57
1964.126	-99.99
1964.205	-99.99
1964.290	-99.99
1964.372	322.25
1964.456	321.89
1964.538	320.44
1964.623	318.70
1964.708	316.70
1964.790	316.79
1964.874	317.79
1964.956	318.71
1965.041	319.44
1965.126	320.44
1965.203	320.89
1965.288	322.13
1965.370	322.16
1965.455	321.87
1965.537	321.39
1965.622	318.81
1965.707	317.82
1965.789	317.30
1965.874	318.86
1965.956	319.42
1966.041	320.62
1966.126	321.59
1966.203	322.39
1966.288	323.87
1966.370	324.01
1966.455	323.75
1966.537	322.39
1966.622	320.36
1966.707	318.64
1966.789	318.10
1966.874	319.78
1966.956	321.08
1967.041	322.06
1967.126	322.50
1967.203	323.04
1967.288	324.42
1967.370	325.00
1967.455	324.09
1967.537	322.55
1967.622	320.92
1967.707	319.31
1967.789	319.31
1967.874	320.72
1967.956	321.96
1968.041	322.57
1968.126	323.15
1968.205	323.89
1968.290	325.02
1968.372	325.57
1968.456	325.36
1968.538	324.14
1968.623	322.03
1968.708	320.41
1968.790	320.25
1968.874	321.31
1968.956	322.84
1969.041	324.00
1969.126	324.42
1969.203	325.64
1969.288	326.66
1969.370	327.34
1969.455	326.76
1969.537	325.88
1969.622	323.66
1969.707	322.38
1969.789	321.78
1969.874	322.85
1969.956	324.11
1970.041	325.03
1970.126	325.99
1970.203	326.87
1970.288	328.14
1970.370	328.07
1970.455	327.67
1970.537	326.34
1970.622	324.69
1970.707	323.10
1970.789	323.16
1970.874	323.98
1970.956	325.13
1971.041	326.17
1971.126	326.68
1971.203	327.18
1971.288	327.78
1971.370	328.92
1971.455	328.57
1971.537	327.34
1971.622	325.46
1971.707	323.36
1971.789	323.57
1971.874	324.80
1971.956	326.01
1972.041	326.77
1972.126	327.63
1972.205	327.75
1972.290	329.72
1972.372	330.07
1972.456	329.09
1972.538	328.04
1972.623	326.32
1972.708	324.93
1972.790	325.06
1972.874	326.50
1972.956	327.55
1973.041	328.55
1973.126	329.56
1973.203	330.30
1973.288	331.50
1973.370	332.48
1973.455	332.07
1973.537	330.87
1973.622	329.31
1973.707	327.51
1973.789	327.18
1973.874	328.16
1973.956	328.64
1974.041	329.35
1974.126	330.71
1974.203	331.48
1974.288	332.65
1974.370	333.09
1974.455	332.25
1974.537	331.18
1974.622	329.40
1974.707	327.43
1974.789	327.37
1974.874	328.46
1974.956	329.57
1975.041	330.40
1975.126	331.41
1975.203	332.04
1975.288	333.31
1975.370	333.97
1975.455	333.60
1975.537	331.90
1975.622	330.06
1975.707	328.56
1975.789	328.34
1975.874	329.49
1975.956	330.76
1976.041	331.75
1976.126	332.56
1976.205	333.50
1976.290	334.58
1976.372	334.87
1976.456	334.34
1976.538	333.05
1976.623	330.94
1976.708	329.30
1976.790	328.94
1976.874	330.31
1976.956	331.68
1977.041	332.93
1977.126	333.42
1977.203	334.70
1977.288	336.07
1977.370	336.75
1977.455	336.27
1977.537	334.92
1977.622	332.75
1977.707	331.59
1977.789	331.16
1977.874	332.40
1977.956	333.85
1978.041	334.97
1978.126	335.39
1978.203	336.64
1978.288	337.76
1978.370	338.01
1978.455	337.89
1978.537	336.54
1978.622	334.68
1978.707	332.76
1978.789	332.55
1978.874	333.92
1978.956	334.95
1979.041	336.23
1979.126	336.76
1979.203	337.96
1979.288	338.89
1979.370	339.47
1979.455	339.29
1979.537	337.73
1979.622	336.09
1979.707	333.92
1979.789	333.86
1979.874	335.29
1979.956	336.73
1980.041	338.01
1980.126	338.36
1980.205	340.08
1980.290	340.77
1980.372	341.46
1980.456	341.17
1980.538	339.56
1980.623	337.60
1980.708	335.88
1980.790	336.02
1980.874	337.10
1980.956	338.21
1981.041	339.24
1981.126	340.48
1981.203	341.38
1981.288	342.51
1981.370	342.91
1981.455	342.25
1981.537	340.49
1981.622	338.43
1981.707	336.69
1981.789	336.86
1981.874	338.36
1981.956	339.61
1982.041	340.75
1982.126	341.61
1982.203	342.70
1982.288	343.57
1982.370	344.14
1982.455	343.35
1982.537	342.06
1982.622	339.81
1982.707	337.98
1982.789	337.86
1982.874	339.26
1982.956	340.49
1983.041	341.37
1983.126	342.52
1983.203	343.10
1983.288	344.94
1983.370	345.76
1983.455	345.32
1983.537	343.98
1983.622	342.38
1983.707	339.86
1983.789	339.99
1983.874	341.15
1983.956	342.99
1984.041	343.70
1984.126	344.50
1984.205	345.28
1984.290	347.07
1984.372	347.43
1984.456	346.79
1984.538	345.39
1984.623	343.28
1984.708	341.07
1984.790	341.35
1984.874	342.98
1984.956	344.22
1985.041	344.97
1985.126	345.99
1985.203	347.43
1985.288	348.35
1985.370	348.93
1985.455	348.25
1985.537	346.56
1985.622	344.68
1985.707	343.09
1985.789	342.80
1985.874	344.24
1985.956	345.55
1986.041	346.30
1986.126	346.95
1986.203	347.86
1986.288	349.55
1986.370	350.21
1986.455	349.55
1986.537	347.94
1986.622	345.90
1986.707	344.85
1986.789	344.17
1986.874	345.66
1986.956	346.90
1987.041	348.02
1987.126	348.47
1987.203	349.42
1987.288	350.98
1987.370	351.84
1987.455	351.26
1987.537	349.51
1987.622	348.10
1987.707	346.45
1987.789	346.36
1987.874	347.81
1987.956	348.96
1988.041	350.43
1988.126	351.73
1988.205	352.22
1988.290	353.59
1988.372	354.22
1988.456	353.79
1988.538	352.38
1988.623	350.43
1988.708	348.72
1988.790	348.88
1988.874	350.07
1988.956	351.34
1989.041	352.76
1989.126	353.07
1989.203	353.68
1989.288	355.42
1989.370	355.67
1989.455	355.12
1989.537	353.90
1989.622	351.67
1989.707	349.80
1989.789	349.99
1989.874	351.29
1989.956	352.52
1990.041	353.66
1990.126	354.70
1990.203	355.39
1990.288	356.20
1990.370	357.16
1990.455	356.23
1990.537	354.81
1990.622	352.91
1990.707	350.96
1990.789	351.18
1990.874	352.83
1990.956	354.21
1991.041	354.72
1991.126	355.75
1991.203	357.16
1991.288	358.60
1991.370	359.34
1991.455	358.24
1991.537	356.17
1991.622	354.02
1991.707	352.15
1991.789	352.21
1991.874	353.75
1991.956	354.99
1992.041	355.98
1992.126	356.72
1992.205	357.81
1992.290	359.15
1992.372	359.66
1992.456	359.25
1992.538	357.02
1992.623	355.00
1992.708	353.01
1992.790	353.31
1992.874	354.16
1992.956	355.40
1993.041	356.70
1993.126	357.16
1993.203	358.38
1993.288	359.46
1993.370	360.28
1993.455	359.60
1993.537	357.57
1993.622	355.52
1993.707	353.69
1993.789	353.99
1993.874	355.34
1993.956	356.80
1994.041	358.37
1994.126	358.91
1994.203	359.97
1994.288	361.26
1994.370	361.68
1994.455	360.95
1994.537	359.55
1994.622	357.48
1994.707	355.84
1994.789	355.99
1994.874	357.58
1994.956	359.04
1995.041	359.97
1995.126	361.00
1995.203	361.64
1995.288	363.45
1995.370	363.79
1995.455	363.26
1995.537	361.90
1995.622	359.46
1995.707	358.06
1995.789	357.76
1995.874	359.56
1995.956	360.70
1996.041	362.05
1996.126	363.25
1996.205	364.02
1996.290	364.72
1996.372	365.41
1996.456	364.97
1996.538	363.65
1996.623	361.48
1996.708	359.45
1996.790	359.60
1996.874	360.76
1996.956	362.33
1997.041	363.18
1997.126	364.00
1997.203	364.56
1997.288	366.35
1997.370	366.80
1997.455	365.63
1997.537	364.47
1997.622	362.50
1997.707	360.19
1997.789	360.77
1997.874	362.43
1997.956	364.28
1998.041	365.33
1998.126	366.15
1998.203	367.31
1998.288	368.61
1998.370	369.30
1998.455	368.87
1998.537	367.64
1998.622	365.78
1998.707	363.90
1998.789	364.23
1998.874	365.46
1998.956	366.97
1999.041	368.15
1999.126	368.87
1999.203	369.59
1999.288	371.14
1999.370	371.00
1999.455	370.35
1999.537	369.27
1999.622	366.93
1999.707	364.64
1999.789	365.13
1999.874	366.67
1999.956	368.01
2000.041	369.14
2000.126	369.46
2000.205	370.51
2000.290	371.66
2000.372	371.82
2000.456	371.70
2000.538	370.12
2000.623	368.12
2000.708	366.62
2000.790	366.73
2000.874	368.29
2000.956	369.53
2001.041	370.28
2001.126	371.50
2001.203	372.12
2001.288	372.87
2001.370	374.02
2001.455	373.31
2001.537	371.62
2001.622	369.55
2001.707	367.96
2001.789	368.10
2001.874	369.68
2001.956	371.24
2002.041	372.43
2002.126	373.09
2002.203	373.52
2002.288	374.86
2002.370	375.55
2002.455	375.40
2002.537	374.02
2002.622	371.49
2002.707	370.70
2002.789	370.25
2002.874	372.08
2002.956	373.78
2003.041	374.68
2003.126	375.62
2003.203	376.11
2003.288	377.65
2003.370	378.35
2003.455	378.13
2003.537	376.61
2003.622	374.48
2003.707	372.98
2003.789	373.00
2003.874	374.34
2003.956	375.69
2004.041	376.79
2004.126	377.36
2004.205	378.40
2004.290	380.50
2004.372	380.61
2004.456	379.55
2004.538	377.77
2004.623	375.84
2004.708	374.05
2004.790	374.22
2004.874	375.84
2004.956	377.44
2005.041	378.34
2005.126	379.66
2005.203	380.38
2005.288	382.06
2005.370	382.25
2005.455	382.08
2005.537	380.65
2005.622	378.67
2005.707	376.43
2005.789	376.82
2005.874	378.32
2005.956	379.96
2006.041	381.36
2006.126	382.02
2006.203	382.57
2006.288	384.37
2006.370	384.93
2006.455	384.03
2006.537	382.28
2006.622	380.51
2006.707	378.82
2006.789	379.07
2006.874	380.16
2006.956	381.62
2007.041	382.49
2007.126	383.70
2007.203	384.34
2007.288	386.26
2007.370	386.42
2007.455	385.87
2007.537	384.43
2007.622	381.84
2007.707	380.87
2007.789	380.87
2007.874	382.36
2007.956	383.61
2008.041	385.07
2008.126	385.85
2008.205	385.84
2008.290	386.77
2008.372	388.51
2008.456	388.05
2008.538	386.27
2008.623	384.08
2008.708	383.09
2008.790	382.78
2008.874	384.02
2008.956	385.12
2009.041	386.66
2009.126	387.13
2009.203	388.52
2009.288	389.57
2009.370	390.16
2009.455	389.62
2009.537	388.07
2009.622	386.09
2009.707	384.66
2009.789	384.34
2009.874	386.05
2009.956	387.49
2010.041	388.55
2010.126	390.06
2010.203	391.02
2010.288	392.39
2010.370	393.23
2010.455	392.24
2010.537	390.33
2010.622	388.52
2010.707	386.84
2010.789	387.17
2010.874	388.67
2010.956	389.81
2011.041	391.30
2011.126	391.93
2011.203	392.45
2011.288	393.37
2011.370	394.29
2011.455	393.69
2011.537	392.59
2011.622	390.21
2011.707	389.00
2011.789	388.93
2011.874	390.25
2011.956	391.80
2012.041	393.07
2012.126	393.34
2012.205	394.36
2012.290	396.44
2012.372	396.87
2012.456	395.88
2012.538	394.52
2012.623	392.54
2012.708	391.14
2012.790	391.02
2012.874	392.99
2012.956	394.39
2013.041	395.66
2013.126	396.89
2013.203	397.27
2013.288	398.36
2013.370	399.90
2013.455	398.78
2013.537	397.28
2013.622	395.32
2013.707	393.31
2013.789	393.61
2013.874	395.10
2013.956	396.73
2014.041	397.83
2014.126	398.01
2014.203	399.47
2014.288	401.33
2014.370	401.88
2014.455	401.31
2014.537	399.09
2014.622	397.22

